2201.00075
2201.00072
2201.02735
2201.00063
2201.00058
2201.00057
2201.00052
2201.00044
2201.00043
2201.00042
2201.00039
2112.15595
2112.15594
2112.15579
2112.15578
2112.15577
2112.15575
2112.15571
2112.15568
2112.15555
2301.01286
2301.00301
2301.01148
2301.00281
2301.01212
2301.00270
2301.00265
2301.00252
2301.00243
2301.00241
2301.00216
2301.01596
2301.00201
2301.00189
2301.00188
2301.00181
2301.01214
2301.00152
2301.00142
2301.00141
2401.00611
2401.00910
2401.00909
2401.00599
2401.14232
2401.00907
2401.00588
2401.00583
2401.00582
2401.00579
2401.10903
2401.00547
2401.00546
2401.00544
2401.00534
2401.00532
2401.00529
2401.00902
2401.00524
2401.00521
2501.00677
2501.00673
2501.00669
2501.00664
2501.00663
2501.00659
2501.00658
2501.00656
2501.00655
2501.00654
2501.00651
2501.00645
2501.00642
2501.00637
2501.00636
2501.00632
2501.00628
2501.00623
2501.00619
2501.00615
2601.00907
2601.00116
2601.00090
2601.00088
2601.00904
2601.00087
2601.00084
2601.00081
2601.00075
2601.00067
2601.00065
2512.25072
2512.25070
2512.25063
2512.25060
2512.25059
2512.25034
2512.25023
2512.25017
2512.25014
2112.15545
2112.15417
2112.15356
2112.15338
2112.15331
2112.15324
2112.15290
2112.15283
2112.15280
2112.15272
2112.15253
2112.15124
2112.15099
2112.15060
2112.15051
2112.15043
2112.15011
2112.15009
2112.14938
2112.14933
2301.00304
2301.00303
2301.00234
2301.00200
2301.00068
2301.00066
2212.14882
2301.00688
2212.14815
2301.06902
2212.14657
2212.14648
2212.14578
2212.14548
2212.14546
2301.00665
2212.14518
2212.14490
2212.14486
2212.14454
2401.00609
2401.00908
2401.00595
2401.00575
2401.00536
2401.00504
2401.02979
2401.04120
2401.00448
2401.00437
2401.00434
2401.00426
2401.00424
2401.00396
2401.00388
2401.00383
2401.02978
2401.00368
2401.00366
2401.02976
2501.00644
2501.05464
2501.00617
2501.00608
2501.00598
2501.00593
2501.00581
2501.00571
2501.00562
2501.00560
2501.00559
2501.00539
2501.00530
2501.00529
2501.00522
2501.00509
2501.00485
2501.00457
2501.00437
2501.00430
2601.02404
2601.11580
2601.00100
2601.00097
2601.00095
2601.00086
2512.25052
2512.25026
2512.25015
2512.24997
2512.24969
2512.24947
2512.24943
2512.24940
2512.24939
2512.24933
2601.00894
2512.24885
2512.24880
2512.24873
2201.00059
2112.15589
2112.15550
2112.15541
2112.15523
2112.15509
2112.15458
2112.15439
2112.15421
2112.15411
2112.15402
2112.15399
2112.15386
2112.15367
2112.15362
2112.15358
2112.15355
2112.15351
2112.15344
2112.15329
2301.07519
2301.00264
2301.02166
2301.00254
2301.00250
2301.00236
2301.00230
2301.01147
2301.00190
2301.00184
2301.00182
2301.00157
2301.00149
2301.00146
2301.00145
2301.01216
2301.00135
2301.00131
2301.00127
2301.00122
2401.00608
2401.00604
2401.00551
2401.00523
2401.00901
2401.00496
2401.00897
2401.00463
2401.00460
2401.00456
2401.00896
2401.00442
2401.00440
2401.00438
2401.00436
2401.00435
2401.00431
2401.00421
2401.00420
2401.00416
2501.00647
2501.00625
2501.00603
2501.00602
2501.00601
2501.00599
2501.01993
2501.01465
2501.00586
2501.00585
2501.00584
2501.00574
2501.00569
2501.01464
2501.00527
2501.00525
2501.00520
2501.00514
2501.00513
2501.00463
2601.00139
2601.00138
2601.00123
2601.00905
2601.00092
2512.25075
2512.25073
2512.25071
2512.25067
2512.25066
2601.00051
2512.25008
2512.25000
2512.24986
2512.24985
2601.00900
2512.24971
2512.24965
2512.24952
2512.24948
2112.15544
2112.15484
2112.15475
2112.15459
2112.15400
2112.14839
2201.00016
2112.15364
2112.15360
2201.00698
2112.15337
2201.01155
2201.00655
2112.15304
2112.15303
2112.15236
2112.15221
2201.00012
2202.01690
2112.15167
2301.00280
2301.01602
2301.00169
2301.03358
2301.00130
2301.00126
2301.00813
2301.00089
2301.00074
2301.01219
2301.00051
2301.00032
2212.14875
2212.14855
2301.07485
2212.14849
2212.14800
2301.00015
2301.00650
2212.14051
2401.00587
2401.00563
2402.09413
2401.00525
2401.00499
2401.00477
2401.00430
2401.00428
2401.00409
2401.01377
2401.00893
2401.00393
2401.00391
2401.00390
2401.00379
2401.00365
2401.00330
2402.00017
2401.00315
2401.00298
2501.01994
2501.00595
2501.00555
2501.05463
2501.00537
2501.01463
2501.00528
2501.00517
2501.00502
2501.01462
2501.00461
2501.00449
2501.14776
2501.00444
2501.01992
2501.00418
2501.00398
2501.00397
2501.00383
2501.00382
2601.00130
2601.00129
2601.00125
2601.00121
2601.00105
2601.06093
2601.06092
2512.25065
2512.25055
2512.24980
2512.24977
2512.24968
2512.24959
2512.24957
2512.24955
2512.24946
2601.00897
2512.24914
2512.24896
2512.24867
2201.00073
2112.15423
2112.15401
2112.15392
2112.15383
2112.15336
2112.15327
2112.15311
2112.15265
2112.15258
2112.15250
2112.15246
2112.15238
2112.15094
2112.14949
2112.14877
2112.14868
2112.14862
2112.14793
2112.14758
2301.00260
2301.00092
2212.14883
2212.14874
2212.14857
2212.14838
2212.14681
2212.14623
2212.14595
2212.14591
2212.14580
2212.14562
2212.14555
2212.14531
2212.14514
2212.14511
2212.14507
2212.14468
2212.14466
2212.14457
2401.00593
2401.00490
2401.00276
2401.05420
2401.00122
2312.17666
2312.17584
2312.17553
2312.17463
2312.17411
2312.17404
2312.17348
2312.17346
2312.17248
2312.17229
2312.17306
2312.17216
2312.17210
2312.17199
2312.17173
2501.00471
2501.00389
2501.00381
2501.00277
2501.00119
2412.21155
2412.21124
2412.20992
2412.20918
2412.20892
2412.20824
2412.20802
2412.20727
2412.20724
2412.20644
2412.20620
2412.20605
2412.20586
2412.20556
2412.20553
2512.24999
2512.24927
2601.00892
2512.24842
2512.24768
2512.24587
2512.24545
2512.24515
2512.24497
2601.02400
2512.24443
2601.00038
2512.24378
2512.24327
2601.00864
2512.24152
2512.24145
2512.24106
2512.23979
2512.23978
2112.15352
2112.15341
2112.15328
2201.00014
2112.14958
2112.14921
2112.14861
2112.14444
2201.00696
2112.14370
2112.14318
2112.14279
2112.14266
2112.14070
2201.00688
2112.13946
2112.13753
2112.13747
2112.13742
2112.13705
2301.00096
2301.00036
2212.14760
2212.14464
2301.00768
2212.14351
2212.14322
2212.14277
2212.14206
2212.14024
2212.13937
2301.00717
2212.13534
2212.13447
2212.13408
2301.00767
2212.13398
2301.13014
2212.13923
2212.13915
2401.00465
2401.00353
2401.05424
2401.00272
2312.17748
2401.05418
2401.02974
2312.17649
2312.17560
2312.17468
2312.17443
2312.17294
2312.17072
2312.16890
2312.16868
2312.17284
2312.16828
2312.16821
2312.16695
2401.00020
2501.00384
2501.00367
2501.00332
2501.00330
2501.00309
2501.00252
2502.15694
2501.00223
2501.00174
2412.21009
2412.20960
2412.20942
2412.20914
2502.15693
2502.15692
2412.20756
2502.15691
2412.20427
2412.20414
2412.20366
2601.00891
2512.24787
2512.24762
2602.22226
2512.24715
2512.24711
2512.24366
2512.24325
2512.24268
2512.24246
2512.24113
2512.24078
2602.23374
2512.23961
2512.23907
2602.23373
2512.23647
2512.23597
2512.23307
2602.11160
